                       96
                     /    \
                  47        61
                 /  \      /  \
               32    13  50    36
              /  \  
            19    28

96 47 61 32 13 50 36 19 28

a.
96 47 61 32 13 50 36 19 28 74
1  2  3  4  5  6  7  8  9  10

                       96
                     /    \
                  47        61
                 /  \      /  \
               32    13  50    36
              /  \   /
            19   28 74

96 47 61 32 74 50 36 19 28 13
1  2  3  4  5  6  7  8  9  10

                       96
                     /    \
                  47        61
                 /  \      /  \
               32    74  50    36
              /  \   /
            19   28 13

96 74 61 32 47 50 36 19 28 13
1  2  3  4  5  6  7  8  9  10

                       96
                     /    \
                  74        61
                 /  \      /  \
               32    47  50    36
              /  \   /
            19   28 13

b.
Because if there is a missing node somewhere the whole order of the nodes at array would be wrong.

c.
Original heap:
96 47 61 32 13 50 36 19 28

                                      96
                                    /    \
                                 47        61
                                /  \      /  \
                              32    13  50    36
                             /  \  
                           19    28

After first pass:
61 47 50 32 13 28 36 19 | 96
                                      61
                                    /    \
                                 47        50
                                /  \      /  \
                              32    13  28    36
                             /   
                           19 

50 47 36 32 13 28 19 | 96 61
                                      50
                                    /    \
                                 47        36
                                /  \      /  \
                              32    13  28    19

47 32 36 19 13 28 | 96 61 50

                                      47
                                    /    \
                                 32        36
                                /  \      /  
                              19    13  28

36 32 28 19 13 | 96 61 50 47

                                      36
                                    /    \
                                 32        28
                                /  \      
                              19    13

32 19 28 13 | 96 61 50 47 36

                                      32
                                    /    \
                                 19        28
                                /        
                               13

28 19 13 | 96 61 50 47 36 32

                                      28
                                    /    \
                                 19        13

19 13 | 96 61 50 47 36 32 28
                                      19
                                    /
                                   13

13 | 96 61 50 47 36 32 28 19
                                      13
                                    
| 96 61 50 47 36 32 28 19 13
                                   
